Hand Direction_X,Hand Direction_Y,Hand Direction_Z,THUMB_X,THUMB_Y,THUMB_Z,INDEX_X,INDEX_Y,INDEX_Z,MIDDLE_X,MIDDLE_Y,MIDDLE_Z,RING_X,RING_Y,RING_Z,PINKY_X,PINKY_Y,PINKY_Z,RESULT
0.039905492,-0.90261,-0.42860562,0.13670614,-0.9902593,-0.026419777,-0.32780477,0.100666024,0.939367,-0.32780477,0.100666024,0.939367,-0.32780477,0.100666024,0.939367,-0.32780477,0.100666024,0.939367,0
0.038847186,-0.9029678,-0.42794862,0.1343021,-0.9905767,-0.026846817,-0.32586098,0.12669633,0.9368899,-0.32586098,0.12669633,0.9368899,-0.32586098,0.12669633,0.9368899,-0.32586098,0.12669633,0.9368899,0
0.037883528,-0.9032643,-0.42740896,0.13185118,-0.99089146,-0.02737491,-0.3232169,0.17366798,0.9302528,-0.3232169,0.17366798,0.9302528,-0.3232169,0.17366798,0.9302528,-0.3232169,0.17366798,0.9302528,0
0.036962204,-0.9037491,-0.4264638,0.1297264,-0.991163,-0.027693449,-0.31685206,0.26147705,0.91172063,-0.31685206,0.26147705,0.91172063,-0.31685206,0.26147705,0.91172063,-0.31685206,0.26147705,0.91172063,0
0.036584288,-0.903249,-0.4275544,0.12841778,-0.9912871,-0.029304381,-0.32153088,0.1920332,0.92722225,-0.32153088,0.1920332,0.92722225,-0.32153088,0.1920332,0.92722225,-0.32153088,0.1920332,0.92722225,0
0.03654877,-0.9024039,-0.4293383,0.1283957,-0.99123,-0.03126719,-0.32393736,0.09755242,0.9410357,-0.32393736,0.09755242,0.9410357,-0.32393736,0.09755242,0.9410357,-0.32393736,0.09755242,0.9410357,0
0.036100212,-0.9014487,-0.431378,0.12861902,-0.9911196,-0.03375001,-0.3225551,0.041667245,0.9456332,-0.3225551,0.041667245,0.9456332,-0.3225551,0.041667245,0.9456332,-0.3225551,0.041667245,0.9456332,0
0.035246428,-0.90074486,-0.4329162,0.1293754,-0.99094886,-0.035809476,-0.31910062,0.034984972,0.9470749,-0.31910062,0.034984972,0.9470749,-0.31910062,0.034984972,0.9470749,-0.31910062,0.034984972,0.9470749,0
0.034366265,-0.90021116,-0.43409538,0.13059203,-0.99072325,-0.037591524,-0.3160894,0.04547957,0.9476387,-0.3160894,0.04547957,0.9476387,-0.3160894,0.04547957,0.9476387,-0.3160894,0.04547957,0.9476387,0
0.033057615,-0.89998084,-0.4346742,0.13151944,-0.9905543,-0.03879252,-0.3109571,0.06367327,0.9482887,-0.3109571,0.06367327,0.9482887,-0.3109571,0.06367327,0.9482887,-0.3109571,0.06367327,0.9482887,0
0.031683985,-0.9000365,-0.43466127,0.13258658,-0.99039036,-0.03934158,-0.30528486,0.08303535,0.9486339,-0.30528486,0.08303535,0.9486339,-0.30528486,0.08303535,0.9486339,-0.30528486,0.08303535,0.9486339,0
0.030377556,-0.9002669,-0.43427727,0.1333002,-0.99028474,-0.039587464,-0.3008144,0.10280848,0.94812506,-0.3008144,0.10280848,0.94812506,-0.3008144,0.10280848,0.94812506,-0.3008144,0.10280848,0.94812506,0
0.029429168,-0.90062475,-0.4336,0.13387254,-0.99021834,-0.0393167,-0.2981933,0.12030678,0.94689333,-0.2981933,0.12030678,0.94689333,-0.2981933,0.12030678,0.94689333,-0.2981933,0.12030678,0.94689333,0
0.028720995,-0.9012113,-0.43242717,0.13391694,-0.9902393,-0.038630184,-0.29580042,0.13261227,0.94600004,-0.29580042,0.13261227,0.94600004,-0.29580042,0.13261227,0.94600004,-0.29580042,0.13261227,0.94600004,0
0.028477289,-0.9016112,-0.4316089,0.13387473,-0.99025685,-0.038326513,-0.29463387,0.13792922,0.9456037,-0.29463387,0.13792922,0.9456037,-0.29463387,0.13792922,0.9456037,-0.29463387,0.13792922,0.9456037,0
0.028165393,-0.90181714,-0.43119895,0.13375165,-0.99026847,-0.038456656,-0.29358685,0.14250238,0.9452512,-0.29358685,0.14250238,0.9452512,-0.29358685,0.14250238,0.9452512,-0.29358685,0.14250238,0.9452512,0
0.028046494,-0.90218425,-0.4304381,0.13394769,-0.99025863,-0.038025152,-0.29232144,0.14300045,0.9455681,-0.29232144,0.14300045,0.9455681,-0.29232144,0.14300045,0.9455681,-0.29232144,0.14300045,0.9455681,0
0.028354699,-0.90251523,-0.4297234,0.13431452,-0.99022716,-0.03754628,-0.29192752,0.14143932,0.9459245,-0.29192752,0.14143932,0.9459245,-0.29192752,0.14143932,0.9459245,-0.29192752,0.14143932,0.9459245,0
0.028206704,-0.9033937,-0.42788345,0.13416508,-0.9903092,-0.035880633,-0.2885427,0.1492295,0.9457662,-0.2885427,0.1492295,0.9457662,-0.2885427,0.1492295,0.9457662,-0.2885427,0.1492295,0.9457662,0
0.027890969,-0.90469056,-0.42515537,0.13386324,-0.9904219,-0.033838842,-0.2802477,0.23752023,0.93007815,-0.2802477,0.23752023,0.93007815,-0.2802477,0.23752023,0.93007815,-0.2802477,0.23752023,0.93007815,0
0.027540358,-0.9060393,-0.42229655,0.13349445,-0.9905177,-0.032464236,-0.25913557,0.4426008,0.85845983,-0.25913557,0.4426008,0.85845983,-0.25913557,0.4426008,0.85845983,-0.25913557,0.4426008,0.85845983,0
0.027895851,-0.90675837,-0.42072687,0.13327616,-0.9905869,-0.031226566,-0.25840116,0.44649714,0.8566616,-0.25840116,0.44649714,0.8566616,-0.25840116,0.44649714,0.8566616,-0.25840116,0.44649714,0.8566616,0
0.028494712,-0.90717953,-0.4197777,0.13313979,-0.99063325,-0.030323524,-0.26028645,0.43662164,0.8611693,-0.26028645,0.43662164,0.8611693,-0.26028645,0.43662164,0.8611693,-0.26028645,0.43662164,0.8611693,0
0.029597482,-0.9070227,-0.42004025,0.13360201,-0.99056906,-0.030388005,-0.26566362,0.42162624,0.8669799,-0.26566362,0.42162624,0.8669799,-0.26566362,0.42162624,0.8669799,-0.26566362,0.42162624,0.8669799,0
0.030970793,-0.906709,-0.42061806,0.13474216,-0.9904128,-0.030448977,-0.27421865,0.40280548,0.87324214,-0.27421865,0.40280548,0.87324214,-0.27421865,0.40280548,0.87324214,-0.27421865,0.40280548,0.87324214,0
0.032375388,-0.9062117,-0.42158306,0.13672625,-0.9901293,-0.030820575,-0.28403112,0.38235956,0.8792767,-0.28403112,0.38235956,0.8792767,-0.28403112,0.38235956,0.8792767,-0.28403112,0.38235956,0.8792767,0
0.033992633,-0.90560454,-0.42275873,0.13913901,-0.9897772,-0.03132726,-0.29291445,0.3628799,0.88460124,-0.29291445,0.3628799,0.88460124,-0.29291445,0.3628799,0.88460124,-0.29291445,0.3628799,0.88460124,0
0.0357458,-0.9047423,-0.42445683,0.14203344,-0.98934007,-0.03213566,-0.3015245,0.33562618,0.89243376,-0.3015245,0.33562618,0.89243376,-0.3015245,0.33562618,0.89243376,-0.3015245,0.33562618,0.89243376,0
0.03786213,-0.9036253,-0.4266471,0.14478454,-0.98891526,-0.03292508,-0.3125289,0.2382865,0.91953534,-0.3125289,0.2382865,0.91953534,-0.3125289,0.2382865,0.91953534,-0.3125289,0.2382865,0.91953534,0
0.039523225,-0.9025651,-0.42873552,0.14720139,-0.98853827,-0.033524178,-0.321574,0.106431805,0.9408839,-0.321574,0.106431805,0.9408839,-0.321574,0.106431805,0.9408839,-0.321574,0.106431805,0.9408839,0
0.04073898,-0.9016374,-0.4305699,0.14950015,-0.98817307,-0.03411382,-0.32409552,0.028678017,0.9455896,-0.32409552,0.028678017,0.9455896,-0.32409552,0.028678017,0.9455896,-0.32409552,0.028678017,0.9455896,0
0.04148869,-0.9009792,-0.431874,0.1516079,-0.98784375,-0.034347083,-0.32435384,-0.007654376,0.94590485,-0.32435384,-0.007654376,0.94590485,-0.32435384,-0.007654376,0.94590485,-0.32435384,-0.007654376,0.94590485,0
0.04190173,-0.9001819,-0.43349373,0.1536823,-0.98749334,-0.03519411,-0.32257435,-0.021865593,0.94629157,-0.32257435,-0.021865593,0.94629157,-0.32257435,-0.021865593,0.94629157,-0.32257435,-0.021865593,0.94629157,0
0.042506777,-0.89877105,-0.43635282,0.15688904,-0.9868983,-0.03765125,-0.31755722,-0.017551977,0.94807667,-0.31755722,-0.017551977,0.94807667,-0.31755722,-0.017551977,0.94807667,-0.31755722,-0.017551977,0.94807667,0
0.042787552,-0.8971487,-0.43965143,0.1608764,-0.98614025,-0.040573977,-0.31384435,0.00128746,0.94947356,-0.31384435,0.00128746,0.94947356,-0.31384435,0.00128746,0.94947356,-0.31384435,0.00128746,0.94947356,0
0.042609807,-0.8952999,-0.4434213,0.16597247,-0.9851435,-0.04410689,-0.30959356,0.02782238,0.95046186,-0.30959356,0.02782238,0.95046186,-0.30959356,0.02782238,0.95046186,-0.30959356,0.02782238,0.95046186,0
0.04208072,-0.8933762,-0.44733456,0.17172445,-0.9839779,-0.047939386,-0.30394867,0.0626482,0.9506263,-0.30394867,0.0626482,0.9506263,-0.30394867,0.0626482,0.9506263,-0.30394867,0.0626482,0.9506263,0
0.041406807,-0.89164984,-0.45082814,0.17763853,-0.98275924,-0.05127263,-0.29957378,0.09977972,0.94884115,-0.29957378,0.09977972,0.94884115,-0.29957378,0.09977972,0.94884115,-0.29957378,0.09977972,0.94884115,0
0.040265664,-0.8902328,-0.4537226,0.18296063,-0.98163617,-0.05399868,-0.29630807,0.13476397,0.945537,-0.29630807,0.13476397,0.945537,-0.29630807,0.13476397,0.945537,-0.29630807,0.13476397,0.945537,0
0.039015632,-0.889061,-0.45612317,0.18782471,-0.9805931,-0.056206014,-0.2935025,0.1648974,0.941629,-0.2935025,0.1648974,0.941629,-0.2935025,0.1648974,0.941629,-0.2935025,0.1648974,0.941629,0
0.038332593,-0.8877349,-0.45875633,0.1925192,-0.979532,-0.058765825,-0.29174986,0.19105788,0.9372187,-0.29174986,0.19105788,0.9372187,-0.29174986,0.19105788,0.9372187,-0.29174986,0.19105788,0.9372187,0
0.037724093,-0.88622606,-0.46171454,0.1962755,-0.9785959,-0.061853983,-0.28952184,0.21421841,0.932892,-0.28952184,0.21421841,0.932892,-0.28952184,0.21421841,0.932892,-0.28952184,0.21421841,0.932892,0
0.037271947,-0.88465667,-0.46475086,0.20093022,-0.97744733,-0.06499091,-0.2862201,0.23521431,0.9288446,-0.2862201,0.23521431,0.9288446,-0.2862201,0.23521431,0.9288446,-0.2862201,0.23521431,0.9288446,0
0.036610734,-0.88302034,-0.4679046,0.20543271,-0.97629696,-0.06812939,-0.28198677,0.25529435,0.92482877,-0.28198677,0.25529435,0.92482877,-0.28198677,0.25529435,0.92482877,-0.28198677,0.25529435,0.92482877,0
0.035182234,-0.88140285,-0.47105327,0.20908754,-0.975279,-0.071507744,-0.27691123,0.27476755,0.920773,-0.27691123,0.27476755,0.920773,-0.27691123,0.27476755,0.920773,-0.27691123,0.27476755,0.920773,0
0.034367047,-0.8794832,-0.4746875,0.2131964,-0.9740731,-0.07568944,-0.27280816,0.29341564,0.916233,-0.27280816,0.29341564,0.916233,-0.27280816,0.29341564,0.916233,-0.27280816,0.29341564,0.916233,0
0.033650473,-0.87752354,-0.47835147,0.2165182,-0.9729956,-0.07999638,-0.26874733,0.30962053,0.912091,-0.26874733,0.30962053,0.912091,-0.26874733,0.30962053,0.912091,-0.26874733,0.30962053,0.912091,0
0.03264203,-0.87595165,-0.4812933,0.21869363,-0.97221935,-0.08344243,-0.26388034,0.3226612,0.90898675,-0.26388034,0.3226612,0.90898675,-0.26388034,0.3226612,0.90898675,-0.26388034,0.3226612,0.90898675,0
0.031284023,-0.874799,-0.48347494,0.21989045,-0.97171813,-0.08609356,-0.2593235,0.33298433,0.906572,-0.2593235,0.33298433,0.906572,-0.2593235,0.33298433,0.906572,-0.2593235,0.33298433,0.906572,0
0.029628094,-0.8740049,-0.485013,0.21992175,-0.9715329,-0.08808101,-0.2549925,0.34071448,0.9049268,-0.2549925,0.34071448,0.9049268,-0.2549925,0.34071448,0.9049268,-0.2549925,0.34071448,0.9049268,0
0.028083174,-0.87391776,-0.4852619,0.21838361,-0.97182536,-0.08867935,-0.25173333,0.34545204,0.9040427,-0.25173333,0.34545204,0.9040427,-0.25173333,0.34545204,0.9040427,-0.25173333,0.34545204,0.9040427,0
0.026457395,-0.8739393,-0.48531452,0.21633367,-0.9722543,-0.08900192,-0.24879637,0.34958547,0.9032665,-0.24879637,0.34958547,0.9032665,-0.24879637,0.34958547,0.9032665,-0.24879637,0.34958547,0.9032665,0
0.02512804,-0.8739176,-0.48542416,0.21317445,-0.97291636,-0.08938877,-0.24821424,0.34918058,0.9035832,-0.24821424,0.34918058,0.9035832,-0.24821424,0.34918058,0.9035832,-0.24821424,0.34918058,0.9035832,0
0.024041774,-0.8737316,-0.48581377,0.21050832,-0.97343135,-0.09009819,-0.24755716,0.35082388,0.90312684,-0.24755716,0.35082388,0.90312684,-0.24755716,0.35082388,0.90312684,-0.24755716,0.35082388,0.90312684,0
0.023820441,-0.8731134,-0.4869349,0.20785362,-0.9738724,-0.09148432,-0.24962378,0.3484201,0.90348846,-0.24962378,0.3484201,0.90348846,-0.24962378,0.3484201,0.90348846,-0.24962378,0.3484201,0.90348846,0
0.023513507,-0.8724206,-0.48818994,0.2053747,-0.974258,-0.092965424,-0.2504996,0.3479831,0.9034145,-0.2504996,0.3479831,0.9034145,-0.2504996,0.3479831,0.9034145,-0.2504996,0.3479831,0.9034145,0
0.022847911,-0.87200373,-0.4889657,0.2025128,-0.9747691,-0.0938814,-0.25090626,0.34539488,0.90429443,-0.25090626,0.34539488,0.90429443,-0.25090626,0.34539488,0.90429443,-0.25090626,0.34539488,0.90429443,0
0.021812163,-0.8722049,-0.48865408,0.19828698,-0.9756741,-0.093500786,-0.25137573,0.34202,0.90544605,-0.25137573,0.34202,0.90544605,-0.25137573,0.34202,0.90544605,-0.25137573,0.34202,0.90544605,0
0.020558266,-0.8732554,-0.48682898,0.19367203,-0.9767853,-0.09155122,-0.2514661,0.33878902,0.90663487,-0.2514661,0.33878902,0.90663487,-0.2514661,0.33878902,0.90663487,-0.2514661,0.33878902,0.90663487,0
0.019291472,-0.8742545,-0.48508433,0.18842338,-0.9779561,-0.08999137,-0.25266248,0.33739617,0.90682167,-0.25266248,0.33739617,0.90682167,-0.25266248,0.33739617,0.90682167,-0.25266248,0.33739617,0.90682167,0
0.017619401,-0.87576693,-0.48241255,0.1823216,-0.97934985,-0.087365024,-0.25256798,0.33744988,0.906828,-0.25256798,0.33744988,0.906828,-0.25256798,0.33744988,0.906828,-0.25256798,0.33744988,0.906828,0
0.01622363,-0.8772461,-0.47976673,0.17607708,-0.9806972,-0.08502874,-0.25188878,0.3369991,0.9071845,-0.25188878,0.3369991,0.9071845,-0.25188878,0.3369991,0.9071845,-0.25188878,0.3369991,0.9071845,0
0.01553316,-0.87858814,-0.47732756,0.16992931,-0.9819531,-0.08301927,-0.25099203,0.3355082,0.90798527,-0.25099203,0.3355082,0.90798527,-0.25099203,0.3355082,0.90798527,-0.25099203,0.3355082,0.90798527,0
0.015148799,-0.8797917,-0.47511804,0.16469036,-0.9829684,-0.08154873,-0.24939431,0.3326444,0.90947795,-0.24939431,0.3326444,0.90947795,-0.24939431,0.3326444,0.90947795,-0.24939431,0.3326444,0.90947795,0
0.015270568,-0.88086724,-0.473117,0.15972175,-0.983883,-0.08039343,-0.24881102,0.32920897,0.91088665,-0.24881102,0.32920897,0.91088665,-0.24881102,0.32920897,0.91088665,-0.24881102,0.32920897,0.91088665,0
0.01572272,-0.88176894,-0.47141942,0.15504038,-0.9846983,-0.07957208,-0.24838653,0.32537425,0.91237915,-0.24838653,0.32537425,0.91237915,-0.24838653,0.32537425,0.91237915,-0.24838653,0.32537425,0.91237915,0
0.016705187,-0.8830568,-0.46896863,0.15051882,-0.9855304,-0.07793533,-0.24923635,0.31762567,0.91487443,-0.24923635,0.31762567,0.91487443,-0.24923635,0.31762567,0.91487443,-0.24923635,0.31762567,0.91487443,0
0.0178661,-0.88441086,-0.46636707,0.1463663,-0.98629695,-0.07612641,-0.2511515,0.30594656,0.91832435,-0.2511515,0.30594656,0.91832435,-0.2511515,0.30594656,0.91832435,-0.2511515,0.30594656,0.91832435,0
0.018703962,-0.88581336,-0.46366456,0.14280553,-0.98697907,-0.0740196,-0.2525649,0.29397276,0.9218411,-0.2525649,0.29397276,0.9218411,-0.2525649,0.29397276,0.9218411,-0.2525649,0.29397276,0.9218411,0
0.019925734,-0.88676083,-0.46179885,0.14055097,-0.9874145,-0.07251235,-0.25496262,0.2819828,0.9249215,-0.25496262,0.2819828,0.9249215,-0.25496262,0.2819828,0.9249215,-0.25496262,0.2819828,0.9249215,0
0.020983843,-0.8875132,-0.46030417,0.13880494,-0.9877754,-0.07094311,-0.2569878,0.2721496,0.92730355,-0.2569878,0.2721496,0.92730355,-0.2569878,0.2721496,0.92730355,-0.2569878,0.2721496,0.92730355,0
0.02202294,-0.8882965,-0.45874208,0.13827308,-0.9879717,-0.06922702,-0.25905043,0.26352635,0.92921835,-0.25905043,0.26352635,0.92921835,-0.25905043,0.26352635,0.92921835,-0.25905043,0.26352635,0.92921835,0
0.023300255,-0.8887052,-0.4578866,0.13833171,-0.9880488,-0.06799964,-0.26168928,0.255179,0.9308074,-0.26168928,0.255179,0.9308074,-0.26168928,0.255179,0.9308074,-0.26168928,0.255179,0.9308074,0
0.024044147,-0.8893325,-0.4566286,0.13785762,-0.98825455,-0.06594136,-0.2635949,0.24760161,0.93231493,-0.2635949,0.24760161,0.93231493,-0.2635949,0.24760161,0.93231493,-0.2635949,0.24760161,0.93231493,0
0.02473876,-0.8901058,-0.45508206,0.13720183,-0.9884969,-0.06363596,-0.2660015,0.23834139,0.93404317,-0.2660015,0.23834139,0.93404317,-0.2660015,0.23834139,0.93404317,-0.2660015,0.23834139,0.93404317,0
0.02548268,-0.8906402,-0.45399418,0.13726062,-0.9886008,-0.061871268,-0.269134,0.23020023,0.935187,-0.269134,0.23020023,0.935187,-0.269134,0.23020023,0.935187,-0.269134,0.23020023,0.935187,0
0.026658792,-0.8910043,-0.45321146,0.13828823,-0.9885382,-0.060568657,-0.27269632,0.2209369,0.9363886,-0.27269632,0.2209369,0.9363886,-0.27269632,0.2209369,0.9363886,-0.27269632,0.2209369,0.9363886,0
0.02752681,-0.89120454,-0.45276567,0.13927644,-0.98845273,-0.05969266,-0.27680308,0.21430157,0.9367256,-0.27680308,0.21430157,0.9367256,-0.27680308,0.21430157,0.9367256,-0.27680308,0.21430157,0.9367256,0
0.028214987,-0.8914593,-0.45222142,0.14035736,-0.988365,-0.05860451,-0.28021494,0.20701054,0.93735063,-0.28021494,0.20701054,0.93735063,-0.28021494,0.20701054,0.93735063,-0.28021494,0.20701054,0.93735063,0
0.028678749,-0.89166415,-0.45178822,0.14164665,-0.9882378,-0.057639096,-0.2843651,0.19879122,0.9378798,-0.2843651,0.19879122,0.9378798,-0.2843651,0.19879122,0.9378798,-0.2843651,0.19879122,0.9378798,0
0.029227162,-0.89168155,-0.4517187,0.14336339,-0.9880204,-0.057118602,-0.2887716,0.19389267,0.9375588,-0.2887716,0.19389267,0.9375588,-0.2887716,0.19389267,0.9375588,-0.2887716,0.19389267,0.9375588,0
0.029759625,-0.8917948,-0.45146033,0.1454663,-0.987751,-0.05645755,-0.29298398,0.18901803,0.93724734,-0.29298398,0.18901803,0.93724734,-0.29298398,0.18901803,0.93724734,-0.29298398,0.18901803,0.93724734,0
0.030282859,-0.8915713,-0.4518668,0.1476301,-0.9874178,-0.056669645,-0.29703194,0.18514343,0.9367465,-0.29703194,0.18514343,0.9367465,-0.29703194,0.18514343,0.9367465,-0.29703194,0.18514343,0.9367465,0
0.030507762,-0.89129245,-0.45240143,0.14988486,-0.9870602,-0.056980096,-0.29999343,0.18359108,0.93610805,-0.29999343,0.18359108,0.93610805,-0.29999343,0.18359108,0.93610805,-0.29999343,0.18359108,0.93610805,0
0.030739285,-0.8910154,-0.4529312,0.15223548,-0.9866906,-0.057149783,-0.3017955,0.18306346,0.935632,-0.3017955,0.18306346,0.935632,-0.3017955,0.18306346,0.935632,-0.3017955,0.18306346,0.935632,0
0.030934446,-0.8907745,-0.45339155,0.15465388,-0.9863099,-0.057227522,-0.30263856,0.1835909,0.93525624,-0.30263856,0.1835909,0.93525624,-0.30263856,0.1835909,0.93525624,-0.30263856,0.1835909,0.93525624,0
0.030579198,-0.8910331,-0.4529072,0.15578152,-0.9862075,-0.055919115,-0.30708888,0.17711902,0.93505365,-0.30708888,0.17711902,0.93505365,-0.30708888,0.17711902,0.93505365,-0.30708888,0.17711902,0.93505365,0
0.030032283,-0.89096904,-0.45306984,0.15593176,-0.9861713,-0.056137644,-0.30672708,0.17746839,0.93510616,-0.30672708,0.17746839,0.93510616,-0.30672708,0.17746839,0.93510616,-0.30672708,0.17746839,0.93510616,0
0.029867455,-0.8906538,-0.45370013,0.15621531,-0.9860812,-0.056926522,-0.30675662,0.17742133,0.9351054,-0.30675662,0.17742133,0.9351054,-0.30675662,0.17742133,0.9351054,-0.30675662,0.17742133,0.9351054,0
0.030100094,-0.8901375,-0.45469683,0.15678675,-0.9859235,-0.05807471,-0.3065811,0.17776623,0.93509746,-0.3065811,0.17776623,0.93509746,-0.3065811,0.17776623,0.93509746,-0.3065811,0.17776623,0.93509746,0
0.030179173,-0.8897428,-0.45546353,0.15734589,-0.9857863,-0.058886398,-0.3054886,0.17895198,0.9352288,-0.3054886,0.17895198,0.9352288,-0.3054886,0.17895198,0.9352288,-0.3054886,0.17895198,0.9352288,0
0.030190026,-0.8891143,-0.4566884,0.15802324,-0.98559725,-0.06022221,-0.3039179,0.18137914,0.93527293,-0.3039179,0.18137914,0.93527293,-0.3039179,0.18137914,0.93527293,-0.3039179,0.18137914,0.93527293,0
0.030215327,-0.88849145,-0.4578974,0.15827236,-0.9854786,-0.06149631,-0.3028012,0.18404481,0.9351144,-0.3028012,0.18404481,0.9351144,-0.3028012,0.18404481,0.9351144,-0.3028012,0.18404481,0.9351144,0
0.030103235,-0.8879111,-0.4590291,0.1577113,-0.98548335,-0.0628467,-0.3019932,0.18635304,0.9349185,-0.3019932,0.18635304,0.9349185,-0.3019932,0.18635304,0.9349185,-0.3019932,0.18635304,0.9349185,0
0.029761093,-0.8875186,-0.4598098,0.15656643,-0.9856032,-0.063822545,-0.30114716,0.18741417,0.9349793,-0.30114716,0.18741417,0.9349793,-0.30114716,0.18741417,0.9349793,-0.30114716,0.18741417,0.9349793,0
0.028996604,-0.88759315,-0.45971468,0.15514685,-0.9858276,-0.0638224,-0.30000648,0.18819289,0.9351896,-0.30000648,0.18819289,0.9351896,-0.30000648,0.18819289,0.9351896,-0.30000648,0.18819289,0.9351896,0
0.02798027,-0.88749576,-0.45996565,0.15313855,-0.98611665,-0.064206816,-0.2985858,0.19042978,0.93519145,-0.2985858,0.19042978,0.93519145,-0.2985858,0.19042978,0.93519145,-0.2985858,0.19042978,0.93519145,0
0.026853595,-0.8874211,-0.4601769,0.15094213,-0.9864249,-0.06467093,-0.29761574,0.19268507,0.9350387,-0.29761574,0.19268507,0.9350387,-0.29761574,0.19268507,0.9350387,-0.29761574,0.19268507,0.9350387,0
0.025954874,-0.8868635,-0.46130192,0.15026845,-0.98642856,-0.06616676,-0.29571754,0.19658709,0.9348287,-0.29571754,0.19658709,0.9348287,-0.29571754,0.19658709,0.9348287,-0.29571754,0.19658709,0.9348287,0
0.025488002,-0.8860756,-0.46283945,0.15140332,-0.9861227,-0.068110116,-0.29334936,0.20182371,0.93445885,-0.29334936,0.20182371,0.93445885,-0.29334936,0.20182371,0.93445885,-0.29334936,0.20182371,0.93445885,0
0.025075736,-0.88520336,-0.46452796,0.15222311,-0.98584944,-0.07020668,-0.29137418,0.20755549,0.9338211,-0.29137418,0.20755549,0.9338211,-0.29137418,0.20755549,0.9338211,-0.29137418,0.20755549,0.9338211,0
0.024180505,-0.88434243,-0.46621215,0.15335783,-0.9855266,-0.07224,-0.2888413,0.21499382,0.9329246,-0.2888413,0.21499382,0.9329246,-0.2888413,0.21499382,0.9329246,-0.2888413,0.21499382,0.9329246,0
0.02285646,-0.88359123,-0.46770084,0.15430455,-0.9852451,-0.0740419,-0.2859553,0.2243714,0.93160456,-0.2859553,0.2243714,0.93160456,-0.2859553,0.2243714,0.93160456,-0.2859553,0.2243714,0.93160456,0
0.021512708,-0.8830064,-0.46886766,0.15558007,-0.98494077,-0.07540891,-0.28320804,0.23454542,0.92993635,-0.28320804,0.23454542,0.92993635,-0.28320804,0.23454542,0.92993635,-0.28320804,0.23454542,0.92993635,0
0.020245299,-0.88243544,-0.46999767,0.15619248,-0.98474866,-0.07664207,-0.28006372,0.24365598,0.9285451,-0.28006372,0.24365598,0.9285451,-0.28006372,0.24365598,0.9285451,-0.28006372,0.24365598,0.9285451,0
0.019086497,-0.8817759,-0.47128224,0.1568487,-0.9845424,-0.07794008,-0.27788952,0.2529467,0.92671216,-0.27788952,0.2529467,0.92671216,-0.27788952,0.2529467,0.92671216,-0.27788952,0.2529467,0.92671216,0
0.018107649,-0.88090914,-0.4729389,0.15794301,-0.9842317,-0.0796366,-0.27651986,0.2637115,0.92411745,-0.27651986,0.2637115,0.92411745,-0.27651986,0.2637115,0.92411745,-0.27651986,0.2637115,0.92411745,0
0.017085286,-0.8801487,-0.47439054,0.15904513,-0.9839449,-0.08097579,-0.27479213,0.27355903,0.9217672,-0.27479213,0.27355903,0.9217672,-0.27479213,0.27355903,0.9217672,-0.27479213,0.27355903,0.9217672,0
0.015947783,-0.8794513,-0.47572166,0.16031092,-0.9836396,-0.082180254,-0.27209547,0.2856648,0.9188905,-0.27209547,0.2856648,0.9188905,-0.27209547,0.2856648,0.9188905,-0.27209547,0.2856648,0.9188905,0
0.014887759,-0.87855077,-0.4774169,0.1618816,-0.983231,-0.08397098,-0.2690488,0.2962812,0.9164225,-0.2690488,0.2962812,0.9164225,-0.2690488,0.2962812,0.9164225,-0.2690488,0.2962812,0.9164225,0
0.014111125,-0.8774591,-0.47944385,0.16401023,-0.9826923,-0.0861193,-0.2658236,0.3079539,0.9135109,-0.2658236,0.3079539,0.9135109,-0.2658236,0.3079539,0.9135109,-0.2658236,0.3079539,0.9135109,0
0.01332194,-0.87641984,-0.48136348,0.16611058,-0.98217493,-0.0879756,-0.26222137,0.31932944,0.9106419,-0.26222137,0.31932944,0.9106419,-0.26222137,0.31932944,0.9106419,-0.26222137,0.31932944,0.9106419,0
0.013102823,-0.8752339,-0.48352244,0.1687735,-0.98153114,-0.09006719,-0.25911888,0.3314815,0.907181,-0.25911888,0.3314815,0.907181,-0.25911888,0.3314815,0.907181,-0.25911888,0.3314815,0.907181,0
0.012624946,-0.8743904,-0.48505872,0.17067409,-0.98107946,-0.09139753,-0.25543085,0.3422881,0.904209,-0.25543085,0.3422881,0.904209,-0.25543085,0.3422881,0.904209,-0.25543085,0.3422881,0.904209,0
0.011645491,-0.87404513,-0.4857052,0.17146897,-0.9809156,-0.091667466,-0.25134885,0.35215428,0.90156037,-0.25134885,0.35215428,0.90156037,-0.25134885,0.35215428,0.90156037,-0.25134885,0.35215428,0.90156037,0
0.010828108,-0.8736529,-0.4864292,0.1717978,-0.98083293,-0.091936305,-0.2478702,0.3604057,0.89925975,-0.2478702,0.3604057,0.89925975,-0.2478702,0.3604057,0.89925975,-0.2478702,0.3604057,0.89925975,0
0.01007707,-0.8732293,-0.48720536,0.17137,-0.98088187,-0.09221242,-0.24457173,0.36678478,0.89758205,-0.24457173,0.36678478,0.89758205,-0.24457173,0.36678478,0.89758205,-0.24457173,0.36678478,0.89758205,0
0.009552226,-0.8728173,-0.4879536,0.17125855,-0.98086375,-0.09261134,-0.24179827,0.37145075,0.8964139,-0.24179827,0.37145075,0.8964139,-0.24179827,0.37145075,0.8964139,-0.24179827,0.37145075,0.8964139,0
0.009268266,-0.8725038,-0.4885194,0.17139544,-0.98082566,-0.09276118,-0.2389618,0.37416098,0.89604735,-0.2389618,0.37416098,0.89604735,-0.2389618,0.37416098,0.89604735,-0.2389618,0.37416098,0.89604735,0
0.008891006,-0.87242746,-0.48866278,0.17158589,-0.98081356,-0.09253675,-0.23592147,0.37544915,0.89631414,-0.23592147,0.37544915,0.89631414,-0.23592147,0.37544915,0.89631414,-0.23592147,0.37544915,0.89631414,0
0.008504582,-0.8721731,-0.48912352,0.17154515,-0.98080736,-0.09267752,-0.23334768,0.37702993,0.89632434,-0.23334768,0.37702993,0.89632434,-0.23334768,0.37702993,0.89632434,-0.23334768,0.37702993,0.89632434,0
0.007912695,-0.8722679,-0.48896435,0.17157221,-0.980847,-0.092207216,-0.23102872,0.3781852,0.8964383,-0.23102872,0.3781852,0.8964383,-0.23102872,0.3781852,0.8964383,-0.23102872,0.3781852,0.8964383,0
0.007357965,-0.872422,-0.48869804,0.17164339,-0.98088187,-0.09170224,-0.22937764,0.37920782,0.8964303,-0.22937764,0.37920782,0.8964303,-0.22937764,0.37920782,0.8964303,-0.22937764,0.37920782,0.8964303,0
0.006517548,-0.87298286,-0.48770732,0.1712542,-0.98106444,-0.090468355,-0.22799487,0.37992424,0.8964797,-0.22799487,0.37992424,0.8964797,-0.22799487,0.37992424,0.8964797,-0.22799487,0.37992424,0.8964797,0
0.005843663,-0.8738655,-0.48613268,0.17005858,-0.9814289,-0.088754304,-0.22734287,0.38046622,0.8964155,-0.22734287,0.38046622,0.8964155,-0.22734287,0.38046622,0.8964155,-0.22734287,0.38046622,0.8964155,0
0.00546164,-0.8748668,-0.48433286,0.16855122,-0.98184735,-0.08698453,-0.22741796,0.3803781,0.89643383,-0.22741796,0.3803781,0.89643383,-0.22741796,0.3803781,0.89643383,-0.22741796,0.3803781,0.89643383,0
0.005405661,-0.87574774,-0.48273873,0.16724218,-0.98219585,-0.085564874,-0.22812629,0.37971947,0.8965331,-0.22812629,0.37971947,0.8965331,-0.22812629,0.37971947,0.8965331,-0.22812629,0.37971947,0.8965331,0
0.005552296,-0.876649,-0.48109844,0.16645882,-0.98245335,-0.084124446,-0.22888774,0.3777,0.8971918,-0.22888774,0.3777,0.8971918,-0.22888774,0.3777,0.8971918,-0.22888774,0.3777,0.8971918,0
0.005865878,-0.87755233,-0.479445,0.165769,-0.9826911,-0.08269725,-0.23002937,0.37507552,0.8980005,-0.23002937,0.37507552,0.8980005,-0.23002937,0.37507552,0.8980005,-0.23002937,0.37507552,0.8980005,0
0.006369729,-0.8783187,-0.47803307,0.16517563,-0.98289335,-0.08147184,-0.2313071,0.37199265,0.8989541,-0.2313071,0.37199265,0.8989541,-0.2313071,0.37199265,0.8989541,-0.2313071,0.37199265,0.8989541,0
0.00716915,-0.87883973,-0.47706324,0.16490765,-0.9829977,-0.08075218,-0.23307534,0.36844236,0.89995897,-0.23307534,0.36844236,0.89995897,-0.23307534,0.36844236,0.89995897,-0.23307534,0.36844236,0.89995897,0
0.008042431,-0.87930685,-0.47618774,0.1650062,-0.9830324,-0.080126174,-0.2351345,0.36428377,0.9011155,-0.2351345,0.36428377,0.9011155,-0.2351345,0.36428377,0.9011155,-0.2351345,0.36428377,0.9011155,0
0.008883116,-0.8797467,-0.4753597,0.16508539,-0.9830711,-0.07948644,-0.23712584,0.36024705,0.90221584,-0.23712584,0.36024705,0.90221584,-0.23712584,0.36024705,0.90221584,-0.23712584,0.36024705,0.90221584,0
0.009901268,-0.87999195,-0.47488534,0.16555284,-0.9830148,-0.07920924,-0.23963562,0.35551757,0.90342796,-0.23963562,0.35551757,0.90342796,-0.23963562,0.35551757,0.90342796,-0.23963562,0.35551757,0.90342796,0
0.010928277,-0.88015586,-0.47455904,0.16614449,-0.98293155,-0.079003386,-0.24199142,0.3505906,0.9047245,-0.24199142,0.3505906,0.9047245,-0.24199142,0.3505906,0.9047245,-0.24199142,0.3505906,0.9047245,0
0.012000735,-0.8800738,-0.47468525,0.16703556,-0.98275733,-0.0792916,-0.24462347,0.34588227,0.90582824,-0.24462347,0.34588227,0.90582824,-0.24462347,0.34588227,0.90582824,-0.24462347,0.34588227,0.90582824,0
0.01280821,-0.87999153,-0.47481665,0.16777335,-0.9826106,-0.07955187,-0.24648453,0.3424207,0.90663856,-0.24648453,0.3424207,0.90663856,-0.24648453,0.3424207,0.90663856,-0.24648453,0.3424207,0.90663856,0
0.013638364,-0.8797686,-0.47520646,0.16833775,-0.9824761,-0.08001911,-0.2483742,0.33900315,0.9074068,-0.2483742,0.33900315,0.9074068,-0.2483742,0.33900315,0.9074068,-0.2483742,0.33900315,0.9074068,0
0.014441069,-0.8795005,-0.47567883,0.16934784,-0.9822584,-0.08055955,-0.2501199,0.33601776,0.9080375,-0.2501199,0.33601776,0.9080375,-0.2501199,0.33601776,0.9080375,-0.2501199,0.33601776,0.9080375,0
0.01513051,-0.87908036,-0.47643343,0.17072643,-0.9819543,-0.08135264,-0.2518405,0.33348367,0.908496,-0.2518405,0.33348367,0.908496,-0.2518405,0.33348367,0.908496,-0.2518405,0.33348367,0.908496,0
0.01586242,-0.87856054,-0.47736758,0.17205203,-0.9816451,-0.08228632,-0.2534222,0.33200508,0.9085977,-0.2534222,0.33200508,0.9085977,-0.2534222,0.33200508,0.9085977,-0.2534222,0.33200508,0.9085977,0
0.016500205,-0.87780136,-0.4787405,0.17348792,-0.98126864,-0.0837482,-0.25461593,0.33249566,0.90808445,-0.25461593,0.33249566,0.90808445,-0.25461593,0.33249566,0.90808445,-0.25461593,0.33249566,0.90808445,0
0.016917458,-0.87704355,-0.48011297,0.17490007,-0.98089886,-0.08513148,-0.25559112,0.33351487,0.9074365,-0.25559112,0.33351487,0.9074365,-0.25559112,0.33351487,0.9074365,-0.25559112,0.33351487,0.9074365,0
0.016662207,-0.8763486,-0.48138914,0.17568706,-0.98065186,-0.086348005,-0.25579646,0.33588392,0.9065044,-0.25579646,0.33588392,0.9065044,-0.25579646,0.33588392,0.9065044,-0.25579646,0.33588392,0.9065044,0
0.016211139,-0.87568635,-0.48260817,0.17607935,-0.9804774,-0.0875225,-0.25590745,0.33810246,0.9056479,-0.25590745,0.33810246,0.9056479,-0.25590745,0.33810246,0.9056479,-0.25590745,0.33810246,0.9056479,0
0.015469773,-0.87534434,-0.48325247,0.17666832,-0.98031795,-0.08811934,-0.25525275,0.34042472,0.9049625,-0.25525275,0.34042472,0.9049625,-0.25525275,0.34042472,0.9049625,-0.25525275,0.34042472,0.9049625,0
0.014738744,-0.8751401,-0.4836451,0.1770176,-0.9802128,-0.088587075,-0.25478116,0.34254202,0.90429616,-0.25478116,0.34254202,0.90429616,-0.25478116,0.34254202,0.90429616,-0.25478116,0.34254202,0.90429616,0
0.01399052,-0.8750644,-0.48380435,0.17716104,-0.98016995,-0.0887742,-0.25399497,0.34388912,0.904006,-0.25399497,0.34388912,0.904006,-0.25399497,0.34388912,0.904006,-0.25399497,0.34388912,0.904006,0
0.013415871,-0.87501067,-0.48391768,0.17692539,-0.9802055,-0.088851966,-0.25336733,0.34437847,0.9039958,-0.25336733,0.34437847,0.9039958,-0.25336733,0.34437847,0.9039958,-0.25336733,0.34437847,0.9039958,0
0.012873896,-0.87491125,-0.4841121,0.1770022,-0.98017824,-0.0889992,-0.25257152,0.3445837,0.9041403,-0.25257152,0.3445837,0.9041403,-0.25257152,0.3445837,0.9041403,-0.25257152,0.3445837,0.9041403,0
0.012552584,-0.87475616,-0.48440075,0.17725404,-0.98010737,-0.08927801,-0.25201315,0.34465474,0.90426904,-0.25201315,0.34465474,0.90426904,-0.25201315,0.34465474,0.90426904,-0.25201315,0.34465474,0.90426904,0
0.012353508,-0.8745196,-0.48483285,0.17794456,-0.9799369,-0.08977415,-0.25144756,0.34483114,0.9043592,-0.25144756,0.34483114,0.9043592,-0.25144756,0.34483114,0.9043592,-0.25144756,0.34483114,0.9043592,0
0.012234439,-0.8743163,-0.4852024,0.17864041,-0.979772,-0.09019124,-0.2510667,0.34520194,0.9043236,-0.2510667,0.34520194,0.9043236,-0.2510667,0.34520194,0.9043236,-0.2510667,0.34520194,0.9043236,0
0.01212815,-0.8741075,-0.4855811,0.17927927,-0.97961515,-0.090626314,-0.25066325,0.34581402,0.9042016,-0.25066325,0.34581402,0.9042016,-0.25066325,0.34581402,0.9042016,-0.25066325,0.34581402,0.9042016,0
0.011932673,-0.8738494,-0.4860503,0.18018797,-0.97939533,-0.09119805,-0.2504243,0.34665474,0.90394586,-0.2504243,0.34665474,0.90394586,-0.2504243,0.34665474,0.90394586,-0.2504243,0.34665474,0.90394586,0
0.011460258,-0.8738101,-0.48613223,0.18047526,-0.979328,-0.09135281,-0.25000003,0.34707573,0.90390176,-0.25000003,0.34707573,0.90390176,-0.25000003,0.34707573,0.90390176,-0.25000003,0.34707573,0.90390176,0
0.010906776,-0.8738343,-0.48610142,0.18050444,-0.9793193,-0.09138883,-0.24978313,0.34688723,0.9040341,-0.24978313,0.34688723,0.9040341,-0.24978313,0.34688723,0.9040341,-0.24978313,0.34688723,0.9040341,0
0.010399078,-0.87381876,-0.48614052,0.180592,-0.979298,-0.09144373,-0.24952628,0.3464163,0.90428555,-0.24952628,0.3464163,0.90428555,-0.24952628,0.3464163,0.90428555,-0.24952628,0.3464163,0.90428555,0
0.010052039,-0.87407535,-0.48568636,0.18027931,-0.97940534,-0.09090974,-0.24930285,0.3457672,0.90459555,-0.24930285,0.3457672,0.90459555,-0.24930285,0.3457672,0.90459555,-0.24930285,0.3457672,0.90459555,0
0.010036872,-0.87426907,-0.48533782,0.1803698,-0.979427,-0.09049625,-0.24950865,0.34496623,0.9048446,-0.24950865,0.34496623,0.9048446,-0.24950865,0.34496623,0.9048446,-0.24950865,0.34496623,0.9048446,0
0.01041727,-0.8742497,-0.4853648,0.1805245,-0.9794029,-0.09044784,-0.249932,0.34396258,0.90510976,-0.249932,0.34396258,0.90510976,-0.249932,0.34396258,0.90510976,-0.249932,0.34396258,0.90510976,0
0.010804316,-0.8741803,-0.4854812,0.1808242,-0.9793467,-0.09045825,-0.25027782,0.34299606,0.90538096,-0.25027782,0.34299606,0.90538096,-0.25027782,0.34299606,0.90538096,-0.25027782,0.34299606,0.90538096,0
0.011099581,-0.8740393,-0.48572838,0.18112758,-0.9792782,-0.090592615,-0.2501421,0.34256336,0.9055823,-0.2501421,0.34256336,0.9055823,-0.2501421,0.34256336,0.9055823,-0.2501421,0.34256336,0.9055823,0
0.011357858,-0.873693,-0.48634514,0.18146177,-0.97915906,-0.09120942,-0.24988995,0.34240663,0.9057112,-0.24988995,0.34240663,0.9057112,-0.24988995,0.34240663,0.9057112,-0.24988995,0.34240663,0.9057112,0
0.011640324,-0.8731181,-0.48736972,0.18220939,-0.9789207,-0.09227165,-0.24941908,0.34291768,0.90564764,-0.24941908,0.34291768,0.90564764,-0.24941908,0.34291768,0.90564764,-0.24941908,0.34291768,0.90564764,0
0.01191596,-0.87232596,-0.48877957,0.18316494,-0.97860545,-0.09371223,-0.24859996,0.3432747,0.9057376,-0.24859996,0.3432747,0.9057376,-0.24859996,0.3432747,0.9057376,-0.24859996,0.3432747,0.9057376,0
0.012420856,-0.87138695,-0.49043906,0.1848912,-0.97811854,-0.09539065,-0.24769945,0.3429337,0.9061134,-0.24769945,0.3429337,0.9061134,-0.24769945,0.3429337,0.9061134,-0.24769945,0.3429337,0.9061134,0
0.012740534,-0.87022126,-0.49249634,0.18651687,-0.9776085,-0.09743238,-0.24672003,0.3430341,0.90634257,-0.24672003,0.3430341,0.90634257,-0.24672003,0.3430341,0.90634257,-0.24672003,0.3430341,0.90634257,0
0.012910033,-0.86886984,-0.49487227,0.18854426,-0.97697395,-0.09986479,-0.24542114,0.34343526,0.90654325,-0.24542114,0.34343526,0.90654325,-0.24542114,0.34343526,0.90654325,-0.24542114,0.34343526,0.90654325,0
0.013155078,-0.8673779,-0.4974762,0.19110763,-0.97620726,-0.1024561,-0.244299,0.34373355,0.9067333,-0.244299,0.34373355,0.9067333,-0.244299,0.34373355,0.9067333,-0.244299,0.34373355,0.9067333,0
0.013202922,-0.8661829,-0.49955267,0.19419576,-0.9753789,-0.1045183,-0.24286573,0.34417397,0.90695125,-0.24286573,0.34417397,0.90695125,-0.24286573,0.34417397,0.90695125,-0.24286573,0.34417397,0.90695125,0
0.013210007,-0.86538994,-0.50092494,0.197773,-0.9745266,-0.10575339,-0.24108979,0.3443936,0.9073416,-0.24108979,0.3443936,0.9073416,-0.24108979,0.3443936,0.9073416,-0.24108979,0.3443936,0.9073416,0
0.013396929,-0.8648398,-0.50186914,0.2010741,-0.973775,-0.10644927,-0.239649,0.34486493,0.90754426,-0.239649,0.34486493,0.90754426,-0.239649,0.34486493,0.90754426,-0.239649,0.34486493,0.90754426,0
0.013599448,-0.8643887,-0.50264025,0.20452313,-0.9729968,-0.106993444,-0.23824485,0.3457278,0.9075856,-0.23824485,0.3457278,0.9075856,-0.23824485,0.3457278,0.9075856,-0.23824485,0.3457278,0.9075856,0
0.013537002,-0.8640506,-0.5032229,0.20694436,-0.9724476,-0.107330345,-0.23683622,0.34746537,0.9072907,-0.23683622,0.34746537,0.9072907,-0.23683622,0.34746537,0.9072907,-0.23683622,0.34746537,0.9072907,0
0.013657576,-0.8638528,-0.5035591,0.20930302,-0.97194135,-0.10734168,-0.23595949,0.3485702,0.9070953,-0.23595949,0.3485702,0.9070953,-0.23595949,0.3485702,0.9070953,-0.23595949,0.3485702,0.9070953,0
0.013545376,-0.86356074,-0.5040629,0.21056454,-0.9716471,-0.10753819,-0.23532285,0.35070437,0.9064379,-0.23532285,0.35070437,0.9064379,-0.23532285,0.35070437,0.9064379,-0.23532285,0.35070437,0.9064379,0
0.013649789,-0.86305743,-0.50492126,0.21164817,-0.9713351,-0.10822743,-0.2352383,0.35275197,0.9056649,-0.2352383,0.35275197,0.9056649,-0.2352383,0.35275197,0.9056649,-0.2352383,0.35275197,0.9056649,0
0.014211158,-0.86265105,-0.50559986,0.21328579,-0.97092134,-0.10872391,-0.23562284,0.35360286,0.9052331,-0.23562284,0.35360286,0.9052331,-0.23562284,0.35360286,0.9052331,-0.23562284,0.35360286,0.9052331,0
0.014032621,-0.8622539,-0.5062818,0.21432523,-0.97064424,-0.10915358,-0.23494238,0.35504547,0.9048452,-0.23494238,0.35504547,0.9048452,-0.23494238,0.35504547,0.9048452,-0.23494238,0.35504547,0.9048452,0
0.014040305,-0.8615242,-0.50752234,0.21637313,-0.9700884,-0.110050306,-0.23437732,0.35714945,0.9041634,-0.23437732,0.35714945,0.9041634,-0.23437732,0.35714945,0.9041634,-0.23437732,0.35714945,0.9041634,0
0.014237868,-0.8606422,-0.50901103,0.21853508,-0.96950555,-0.1109118,-0.23345721,0.3601315,0.90321815,-0.23345721,0.3601315,0.90321815,-0.23345721,0.3601315,0.90321815,-0.23345721,0.3601315,0.90321815,0
0.014355742,-0.8600384,-0.5100273,0.22116067,-0.9688572,-0.11137185,-0.23186009,0.36155036,0.9030627,-0.23186009,0.36155036,0.9030627,-0.23186009,0.36155036,0.9030627,-0.23186009,0.36155036,0.9030627,0
0.014154574,-0.85945106,-0.51102203,0.22351679,-0.9682708,-0.11176737,-0.23003313,0.3630754,0.90291804,-0.23003313,0.3630754,0.90291804,-0.23003313,0.3630754,0.90291804,-0.23003313,0.3630754,0.90291804,0
0.013548352,-0.85881656,-0.51210403,0.22506432,-0.96782404,-0.11252853,-0.22815494,0.36586234,0.9022694,-0.22815494,0.36586234,0.9022694,-0.22815494,0.36586234,0.9022694,-0.22815494,0.36586234,0.9022694,0
0.0128231,-0.8584024,-0.51281667,0.2257093,-0.96760416,-0.11312612,-0.22631538,0.36818913,0.9017861,-0.22631538,0.36818913,0.9017861,-0.22631538,0.36818913,0.9017861,-0.22631538,0.36818913,0.9017861,0
0.01195295,-0.8581253,-0.5133011,0.22533524,-0.9676312,-0.113638975,-0.22538298,0.37010825,0.90123385,-0.22538298,0.37010825,0.90123385,-0.22538298,0.37010825,0.90123385,-0.22538298,0.37010825,0.90123385,0
0.011057461,-0.8579811,-0.51356226,0.22465608,-0.9677513,-0.1139604,-0.22390495,0.37256795,0.9005885,-0.22390495,0.37256795,0.9005885,-0.22390495,0.37256795,0.9005885,-0.22390495,0.37256795,0.9005885,0
0.009938052,-0.8580262,-0.5135098,0.22276013,-0.9681862,-0.11398871,-0.22246684,0.37491608,0.89997023,-0.22246684,0.37491608,0.89997023,-0.22246684,0.37491608,0.89997023,-0.22246684,0.37491608,0.89997023,0
0.008751742,-0.8582318,-0.51318765,0.22001837,-0.9688426,-0.113735884,-0.22113408,0.3778822,0.8990577,-0.22113408,0.3778822,0.8990577,-0.22113408,0.3778822,0.8990577,-0.22113408,0.3778822,0.8990577,0
0.00799229,-0.85836256,-0.5129813,0.21712746,-0.9695134,-0.1135754,-0.22066492,0.3807483,0.8979631,-0.22066492,0.3807483,0.8979631,-0.22066492,0.3807483,0.8979631,-0.22066492,0.3807483,0.8979631,0
0.00741308,-0.8583008,-0.5130934,0.21356818,-0.97029406,-0.11365755,-0.22057873,0.38388243,0.89664894,-0.22057873,0.38388243,0.89664894,-0.22057873,0.38388243,0.89664894,-0.22057873,0.38388243,0.89664894,0
0.007491882,-0.85794324,-0.5136899,0.21045808,-0.9708881,-0.11438423,-0.2205877,0.38571838,0.89585847,-0.2205877,0.38571838,0.89585847,-0.2205877,0.38571838,0.89585847,-0.2205877,0.38571838,0.89585847,0
0.007549578,-0.8577537,-0.5140054,0.20704892,-0.9715813,-0.114719406,-0.22012757,0.38740304,0.8952445,-0.22012757,0.38740304,0.8952445,-0.22012757,0.38740304,0.8952445,-0.22012757,0.38740304,0.8952445,0
0.007599533,-0.85757655,-0.51430017,0.20382358,-0.9722239,-0.11505083,-0.21954617,0.3886043,0.8948666,-0.21954617,0.3886043,0.8948666,-0.21954617,0.3886043,0.8948666,-0.21954617,0.3886043,0.8948666,0
0.007772502,-0.85748696,-0.514447,0.2008154,-0.9728337,-0.115185715,-0.21930197,0.38977334,0.8944179,-0.21930197,0.38977334,0.8944179,-0.21930197,0.38977334,0.8944179,-0.21930197,0.38977334,0.8944179,0
